% Salaries in June 2004
S = [150 150 150 160];
% Salaries in June 2005
S = S + 10;
% Salaries in June 2006
S = 1.1 .* S;